00 2 01 02 * 03 04 
01 3 02 03 * 05 06 
02 1 01 04 * 03 08 
03 3 01 05 - 00 02 04 08
04 4 02 05 - 00 03 05 09
05 6 02 06 - 01 04 06 09
06 2 03 06 - 01 05 07 10 
07 1 03 07 * 06 10 
08 2 04 05 - 02 03 12 13
09 5 05 06 - 04 05 14 15
10 3 06 07 - 06 07 16 17
11 4 04 08 * 12 19 
12 3 04 09 - 08 11 13 19
13 1 05 09 - 08 12 14 20
14 6 05 00 - 09 13 15 20
15 1 06 00 - 09 14 16 21
16 4 06 10 - 10 15 17 21
17 5 07 10 - 10 16 18 22
18 2 07 11 * 17 22 
19 2 08 09 - 11 12 23 24
20 5 00 09 - 13 14 25 26
21 2 00 10 - 15 16 27 28
22 3 10 11 - 17 18 29 30
23 1 08 12 * 19 24
24 4 09 12 - 19 23 25 31
25 6 09 13 - 20 24 26 31
26 4 00 13 - 20 25 27 32
27 3 00 14 - 21 26 28 32
28 1 10 14 - 21 27 29 33
29 6 10 15 - 22 28 30 33
30 1 11 15 * 22 29
31 3 12 13 - 24 25 34 35
32 5 13 14 - 26 27 36 37
33 2 14 15 - 28 29 38 39
34 2 12 16 * 31 35 
35 1 13 16 - 31 34 36 40
36 2 13 17 - 32 35 37 40
37 6 14 17 - 32 36 38 41
38 4 14 18 - 33 37 39 41
39 5 15 18 * 33 38
40 5 16 17 * 35 36
41 1 17 18 * 37 38